+-----------------------------------------------------------------------------------------+
|           Resultados de simulacion utilizando valores generados por el equipo           |
+--------+---------------------+-----------------------+----------------------------------+
| Numero | Frecuencia obtenida | Probabilidad esperada | Variacion con respecto a teorica |
+--------+---------------------+-----------------------+----------------------------------+
|   0    |        0.0006       |       0.0009118       |            -0.0003118            |
|   1    |      0.0063999      |       0.0063831       |             1.68e-05             |
|   2    |      0.0237999      |       0.0223411       |            0.0014588             |
|   3    |      0.0515999      |       0.0521292       |            -0.0005292            |
|   4    |        0.0916       |       0.0912261       |            0.0003738             |
|   5    |        0.1316       |       0.1277166       |            0.0038833             |
|   6    |        0.1488       |       0.1490027       |            -0.0002027            |
|   7    |        0.1416       |       0.1490027       |            -0.0074027            |
|   8    |        0.1306       |       0.1303774       |            0.0002225             |
|   9    |        0.1016       |       0.1014046       |            0.0001953             |
|   10   |        0.0736       |       0.0709832       |            0.0026167             |
|   11   |      0.0471999      |       0.0451711       |            0.0020288             |
|   12   |      0.0253999      |       0.0263498       |            -0.0009498            |
|   13   |        0.0148       |       0.0141883       |            0.0006116             |
|   14   |      0.0067999      |       0.0070941       |            -0.0002941            |
|   15   |        0.0024       |       0.0033106       |            -0.0009106            |
|   16   |        0.0004       |       0.0014483       |            -0.0010483            |
|   17   |        0.0008       |       0.0005963       |            0.0002036             |
|   18   |         0.0         |       0.0002319       |            -0.0002319            |
|   19   |        0.0002       |        8.54e-05       |            0.0001145             |
|   20   |         0.0         |        2.99e-05       |            -2.99e-05             |
|   21   |         0.0         |        9.9e-06        |             -9.9e-06             |
|   22   |        0.0002       |        3.1e-06        |            0.0001968             |
+--------+---------------------+-----------------------+----------------------------------+Paso Test de chi cuadrado+-----------------------------------------------------------------------------------------+
|                Resultados de simulacion utilizando la libreria de python                |
+--------+---------------------+-----------------------+----------------------------------+
| Numero | Frecuencia obtenida | Probabilidad esperada | Variacion con respecto a teorica |
+--------+---------------------+-----------------------+----------------------------------+
|   0    |        0.001        |       0.0009118       |             8.81e-05             |
|   1    |      0.0067999      |       0.0063831       |            0.0004168             |
|   2    |      0.0249999      |       0.0223411       |            0.0026588             |
|   3    |      0.0521999      |       0.0521292       |             7.07e-05             |
|   4    |        0.0862       |       0.0912261       |            -0.0050261            |
|   5    |        0.1264       |       0.1277166       |            -0.0013166            |
|   6    |        0.1542       |       0.1490027       |            0.0051972             |
|   7    |        0.153        |       0.1490027       |            0.0039972             |
|   8    |        0.1288       |       0.1303774       |            -0.0015774            |
|   9    |        0.1006       |       0.1014046       |            -0.0008046            |
|   10   |      0.0683999      |       0.0709832       |            -0.0025832            |
|   11   |      0.0441999      |       0.0451711       |            -0.0009711            |
|   12   |      0.0273999      |       0.0263498       |            0.0010501             |
|   13   |        0.012        |       0.0141883       |            -0.0021883            |
|   14   |      0.0079999      |       0.0070941       |            0.0009058             |
|   15   |        0.0044       |       0.0033106       |            0.0010893             |
|   16   |        0.001        |       0.0014483       |            -0.0004483            |
|   17   |        0.0004       |       0.0005963       |            -0.0001963            |
+--------+---------------------+-----------------------+----------------------------------+Paso Test de chi cuadrado+-----------------------------------------------------+
|             Media ,Varianza y Desviacion            |
+------------+--------+------+-----------+------------+
| Simulacion | Media  | Moda |  Varianza | Desviacion |
+------------+--------+------+-----------+------------+
|   Grupo    | 6.9882 |  6   | 6.9752607 | 2.6410718  |
|   Python   | 6.978  |  6   |  6.954716 | 2.6371795  |
|   Teoria   |   7    |  6   |     7     | 2.6457513  |
+------------+--------+------+-----------+------------+