+-----------------------------------------------------------------------------------------+
|           Resultados de simulacion utilizando valores generados por el equipo           |
+--------+---------------------+-----------------------+----------------------------------+
| Numero | Frecuencia obtenida | Probabilidad esperada | Variacion con respecto a teorica |
+--------+---------------------+-----------------------+----------------------------------+
|   0    |        0.0012       |       0.0009118       |            0.0002881             |
|   1    |      0.0055999      |       0.0063831       |            -0.0007831            |
|   2    |      0.0201999      |       0.0223411       |            -0.0021411            |
|   3    |      0.0553999      |       0.0521292       |            0.0032707             |
|   4    |        0.093        |       0.0912261       |            0.0017738             |
|   5    |        0.1344       |       0.1277166       |            0.0066833             |
|   6    |        0.1536       |       0.1490027       |            0.0045972             |
|   7    |        0.1408       |       0.1490027       |            -0.0082027            |
|   8    |        0.1234       |       0.1303774       |            -0.0069774            |
|   9    |        0.0988       |       0.1014046       |            -0.0026046            |
|   10   |        0.0732       |       0.0709832       |            0.0022167             |
|   11   |      0.0473999      |       0.0451711       |            0.0022288             |
|   12   |      0.0263999      |       0.0263498       |             5.01e-05             |
|   13   |        0.0136       |       0.0141883       |            -0.0005883            |
|   14   |      0.0067999      |       0.0070941       |            -0.0002941            |
|   15   |        0.004        |       0.0033106       |            0.0006893             |
|   16   |        0.0018       |       0.0014483       |            0.0003516             |
|   17   |        0.0002       |       0.0005963       |            -0.0003963            |
|   18   |        0.0002       |       0.0002319       |            -3.19e-05             |
+--------+---------------------+-----------------------+----------------------------------+Paso Test de chi cuadrado+-----------------------------------------------------------------------------------------+
|                Resultados de simulacion utilizando la libreria de python                |
+--------+---------------------+-----------------------+----------------------------------+
| Numero | Frecuencia obtenida | Probabilidad esperada | Variacion con respecto a teorica |
+--------+---------------------+-----------------------+----------------------------------+
|   0    |        0.0006       |       0.0009118       |            -0.0003118            |
|   1    |      0.0065999      |       0.0063831       |            0.0002168             |
|   2    |      0.0193999      |       0.0223411       |            -0.0029411            |
|   3    |      0.0563999      |       0.0521292       |            0.0042707             |
|   4    |        0.085        |       0.0912261       |            -0.0062261            |
|   5    |        0.129        |       0.1277166       |            0.0012833             |
|   6    |        0.1584       |       0.1490027       |            0.0093972             |
|   7    |        0.1516       |       0.1490027       |            0.0025972             |
|   8    |        0.1258       |       0.1303774       |            -0.0045774            |
|   9    |        0.1038       |       0.1014046       |            0.0023953             |
|   10   |        0.0728       |       0.0709832       |            0.0018167             |
|   11   |      0.0425999      |       0.0451711       |            -0.0025711            |
|   12   |      0.0247999      |       0.0263498       |            -0.0015498            |
|   13   |        0.013        |       0.0141883       |            -0.0011883            |
|   14   |        0.0044       |       0.0070941       |            -0.0026941            |
|   15   |        0.003        |       0.0033106       |            -0.0003106            |
|   16   |        0.0018       |       0.0014483       |            0.0003516             |
|   17   |        0.0008       |       0.0005963       |            0.0002036             |
|   18   |        0.0002       |       0.0002319       |            -3.19e-05             |
+--------+---------------------+-----------------------+----------------------------------+Paso Test de chi cuadrado+-----------------------------------------------------+
|             Media ,Varianza y Desviacion            |
+------------+--------+------+-----------+------------+
| Simulacion | Media  | Moda |  Varianza | Desviacion |
+------------+--------+------+-----------+------------+
|   Grupo    | 6.9778 |  6   | 7.0441071 | 2.6540736  |
|   Python   | 6.9676 |  6   | 6.7161502 | 2.5915536  |
|   Teoria   |   7    |  6   |     7     | 2.6457513  |
+------------+--------+------+-----------+------------+